proj:       1
zone:       -23
north:      7522155.76347991
south:      7519717.83859701
east:       240018.89411623
west:       237073.2511012
cols:       20
rows:       20
e-w resol:  147.28215075
n-s resol:  121.89624415
top:        1.000000000000000
bottom:     0.000000000000000
cols3:      20
rows3:      20
depths:     1
e-w resol3: 147.28215075
n-s resol3: 121.89624415
t-b resol:  1
